0000000000000000000000000000000000000000000000000022222222222222222220000000000000000000000000000000
0000000000000000000000000000000000000000000000000000000000000000000020000000000000000000000000000000
0000000000000000000000000000000000000000000000000000000000000000000020000000000000000000000000000000
0000000000000000000000000000000000000000000000000000000000000000000020000000000000000000000000000000
0000000000000000000000000000000000000000000000000000000000000000000020000000000000000000000000000000
0000000000000000000000000000000000000000000000000000000000000000000020000000000000000000000000000000
0000000000000000000000000000000000000000000000000000000000000000000020000000000000000000000000000000
0000000000000000000000000000000000000000000000000000000000000000000020000000000000000000000000000000
0000000000000000000000000000000000000000000000000000000000000000000020000000000000000000000000000000
0000000000000000000000000000000000000000000000000000000000000000000020000000000000000000000000000000
0000000000000000000000000000000000000000000000000000000000000000000020000000000000000000000000000000
0000000000000000000000000000000000000000000000000000000000000000000020000000000000000000000000000000
0000000000000000000000000000000000000000000000000000000000000000000020000000000000000000000000000000
0000000000000000000000000000000000000000000000000000000000000000000020000000000000000000000000000000
0000000000000000000000000000000000000000000000000000000000000000000020000000000000000000000000000000
0000000000000000000000000000000000000000000000000000000000000000000020000000000000000000000000000000
0000000000000000000000000000000000000000000000000000000000000000000020000000000000000000000000000000
0000000000000000000000000000000000000000000000000000000000000000000020000000000000000000000000000000
0000000000000000000000000000000000000000000000000000000000000000000020000000000000000000000000000000
0000000000000000000000000000000000000000000000000000000000000000000020000000000000000000000000000000
0000000000000000000000000000000000000000000000000000000000000000000020000000000000000000000000000000
0000000000000000000000000000000000000000000000000000000000000000000020000000000000000000000000000000
0000000000000000000000000000000000000000000000000000000000000000000020000000000000000000000000000000
0000000000000000000000000000000000000000000000000000000000000000000020000000000000000000000000000000
0000000000000000000000000000000000000000000000000000000000000000000020000000000000000000000000000000
0000000000000000000000000000000000000000000000000000000000000000000020000000000000000000000000000000
0000000000000000000000000000000000000000000000000000000000000000000020000000000000000000000000000000
0000000000000000000000000000000000000000000000000000000000000000000020000000000000000000000000000000
0000000000000000000000000000000000000000000000000000000000000000000020000000000000000000000000000000
0000000000000000000000000000000000000000000000000000000000000000000020000000000000000000000000000000
0000000000000000000000000000000000000000000000000000000000000000000020000000000000000000000000000000
0000000000000000000000000000000000000000000000000000000000000000000020000000000000000000000000000000
0000000000000000000000000000000000000000000000000000000000000000000020000000000000000000000000000000
0000000000000000000000000000000000000000000000000000000000000000000020000000000000000000000000000000
0000000000000000000000000000000000000000000000000000000000000000000020000000000000000000000000000000
0000000000000000000000000000000000000000000000000000000000000000000020000000000000000000000000000000
0000000000000000000000000000000000000000000000000001111111111111111120000000000000000000000000000000
0000000000000000000000000000000000000000000000000001111111111111111120000000000000000000000000000000
1111111111111100000000000000000000000000000000000001111111111111111120000000000000000000000000000000
1111111111111100000000000000000000000000000000111111111111111111111120000000000000000000000000000000
1111111111111100000000000000000000000000000000111111111111111111111120000000000000000000000000000000
1111111111111100000000000000111111111111111111111111111111111111111120000000000000000000000000000000
1111111111111100000000011111111111111111111111111111111111111111111120000000000000000000000000000000
1111111111111100000000011111111111111111111111111111111111111111111120000000000000000000000000000000
1111111111111100000000011111111111111111111111111111111111111111111120000000000000000000000000000000
1111111111111100000000011111111111111111111111111111111111111111111120000000000000000000000000000000
1111111111111100000000011111111111111111111111111111111111111111111120000000000000000000000000000000
1111111111111100000000011111111111111111111111111111111111111111111120000000000000000000000000000000
1111111111111111111111111111111111111111111111111111111111111111111120000000000000000000000000000000
1111111111111111111111111111111111111111111111111111111111111111111120000000000000000000000000000000
1111111111111111111111111111111111111111111111111111111111111111111120000000000000000000000000000000
1111111111111111111111111111111111111111111111111111111111111111111120000000000000000000000000000000
1111111111111111111111111111111111111111111111111111111111111111111120000000000000000000000000000000
1111111111111111111111111111111111111111111111111111111111111110000020000000000000000000000000000000
1111111111111111111111111111111111111111111111111111111111111110000020000000000000000000000000000000
1111111111011111111111111111111111111111111111111111111111111110000020000000000000000000000000000000
1111111111011111111111111111111111111111111111111111111111100000000020000000000000000000000000000000
1111111111011111111111111111111111111111111111111111111111100000000020000000000000000000000000000000
1111111111011111111111111111111111111111111111111111110000000000000020000000000000000000000000000000
1111111111011111111111111111000000000000000000000000000000000000000020000000000000000000000000000000
1111111100011111111111111111000000000000000000000000000000000000000020000000000000000000000000000000
1111111100011111111111111111000000000000000000000000000000000000000020000000000000000000000000000000
1111111100011111111111111111000000000000000000000000000000000000000220000000000000000000000000000000
1111111100011111111111111111000000000000000000000000000000000000000200000000000000000000000000000000
1111111100011111111111111111000000000000000000000000000000000000000200000000000000000000000000000000
1111100000000000000000000000000000000000000000000000000000000000000200000000000000000000000000000000
1111100000000000000000000000000000000000000000000000000000000000000200000000000000000000000000000000
1111100000000000000000000000000000000000000000000000000000000000002200000000000000000000000000000000
1111100000000000000000000000000000000000000000000000000000000000002000000000000000000000000000000000
1111100000000000000000000000000000000000000000000000000000000000002000000000000000000000000000000000
1100000000000000000000000000000000000000000000000000000000000000002000000000000000000000000000000000
1100000000000000000000000000000000000000000000000000000000000000002000000000000000000000000000000000
1100000000000000000000000000000000000000000000000000000000000000022000000000000000000000000000000000
1100000000000000000000000000000000000000000000000000000000000000020000000000000000000000000000000000
1100000000000000000000000000000000000000000000000000000000000000020000000000000000000000000000000000
0000000000000000000000000000000000000000000000000000000000000000020000000000000000000000000000000000
0000000000000000000000000000000000000000000000000000000000000000020000000000000000000000000000000000
0000000000000000000000000000000000000000000000000000000000000000020000000000000000000000000000000000
0000000000000000000000000000000000000000000000000000000000000000220000000000000000000000000000000000
0000000000000000000000000000000000000000000000000000000000000000200000000000000000000000000000000000
0000000000000000000000000000000000000000000000000000000000000002200000000000000000000000000000000000
0000000000000000000000000000000000000000000000000000000000000002000000000000000000000000000000000000
0000000000000000000000000000000000000000000000000000000000000002000000000000000000000000000000000000
0000000000000000000000000000000000000000000000000000000000000002000000000000000000000000000000000000
0000000000000000000000000000000000000000000000000000000000000002000000000000000000000000000000000000
0000000000000000000000000000000000000000000000000000000000000022000000000000000000000000000000000000
0000000000000000000000000000000000000000000000000000000000000020000000000000000000000000000000000000
0000000000000000000000000000000000000000000000000000000000000020000000000000000000000000000000000000
0000000000000000000000000000000000000000000000000000000000000020000000000000000000000000000000000000
0000000000000000000000000000000000000000000000000000000000000020000000000000000000000000000000000000
0000000000000000000000000000000000000000000000000000000000000020000000000000000000000000000000000000
0000000000000000000000000000000000000000000000000000000000000020000000000000000000000000000000000011
0000000000000000000000000000000000000000000000000000000000000020000000000000000000000000000000000011
0000000000000000000000000000000000000000000000000000000000000020000000000000000000000000000000000011
0000000000000000000000000000000000000000000000000000000000000220000000000000000000000000000000000011
0000000000000000000000000000000000000000000000000000000000000200000000000000000000000000000000000011
0000000000000000000000000000000000000000000000000000000000000200000000000000000000000000000000000011
0000000000000000000000000000000000000000000000000000000022222200000000000000000000000000000000000011
0000000000000000000000000000000000000000000000000022222220000000000000000000000000000000000000000011
0000000000000000000000000000000000000000000000000020000000000000000000000000000000000000000000000011
